0, 0
0, 1
0, 2
0, 3
0, 4
0, 5
0, 6
0, 7
0, 8
0, 9
0, 10
0, 11
0, 12
0, 13
0, 14
0, 15
0, 16
0, 17
0, 18
0, 19
0, 20
0, 21
0, 22
0, 23
0, 24
0, 25
0, 26
0, 27
0, 28
0, 29
0, 30
0, 31
0, 32
0, 33
0, 34
0, 35
0, 36
0, 37
0, 38
0, 39
0, 40
0, 41
0, 42
0, 43
0, 44
0, 45
0, 46
0, 47
0, 48
0, 49
0, 50
0, 51
0, 52
0, 53
0, 54
0, 55
0, 56
0, 57
0, 58
0, 59
0, 60
0, 61
0, 62
0, 63
0, 64
0, 65
0, 66
0, 67
0, 68
0, 69
0, 70
0, 71
0, 72
0, 73
0, 74
0, 75
0, 76
0, 77
0, 78
0, 79
0, 80
0, 81
0, 82
0, 83
0, 84
0, 85
0, 86
0, 87
0, 88
0, 89
0, 90
0, 91
0, 92
0, 93
0, 94
0, 95
0, 96
0, 97
0, 98
0, 99
0, 100
0, 101
0, 102
0, 103
0, 104
0, 105
0, 106
0, 107
0, 108
0, 109
0, 110
0, 111
0, 112
0, 113
0, 114
0, 115
0, 116
0, 117
0, 118
0, 119
0, 120
0, 121
0, 122
0, 123
0, 124
0, 125
0, 126
0, 127
0, 128
0, 129
0, 130
0, 131
0, 132
0, 133
0, 134
0, 135
0, 136
0, 137
0, 138
0, 139
0, 140
0, 141
0, 142
0, 143
0, 144
0, 145
0, 146
0, 147
0, 148
0, 149
0, 150
0, 151
0, 152
0, 153
0, 154
0, 155
0, 156
0, 157
0, 158
0, 159
0, 160
0, 161
0, 162
0, 163
0, 164
0, 165
0, 166
0, 167
0, 168
0, 169
0, 170
0, 171
0, 172
0, 173
0, 174
0, 175
0, 176
0, 177
0, 178
0, 179
0, 180
0, 181
0, 182
0, 183
0, 184
0, 185
0, 186
0, 187
0, 188
0, 189
0, 190
0, 191
0, 192
0, 193
0, 194
0, 195
0, 196
0, 197
0, 198
0, 199
0, 200
0, 201
0, 202
0, 203
0, 204
0, 205
0, 206
0, 207
0, 208
0, 209
0, 210
0, 211
0, 212
0, 213
0, 214
0, 215
0, 216
0, 217
0, 218
0, 219
0, 220
0, 221
0, 222
0, 223
0, 224
0, 225
0, 226
0, 227
0, 228
0, 229
0, 230
0, 231
0, 232
0, 233
0, 234
0, 235
0, 236
0, 237
0, 238
0, 239
0, 240
0, 241
0, 242
0, 243
0, 244
0, 245
0, 246
0, 247
0, 248
0, 249
0, 250
0, 251
0, 252
0, 253
0, 254
0, 255
0, 256
0, 257
0, 258
0, 259
0, 260
0, 261
0, 262
0, 263
0, 264
0, 265
0, 266
0, 267
0, 268
0, 269
0, 270
0, 271
0, 272
0, 273
0, 274
0, 275
0, 276
0, 277
0, 278
0, 279
0, 280
0, 281
0, 282
0, 283
0, 284
0, 285
0, 286
0, 287
0, 288
0, 289
0, 290
0, 291
0, 292
0, 293
0, 294
0, 295
0, 296
0, 297
0, 298
0, 299
0, 300
0, 301
0, 302
0, 303
0, 304
0, 305
0, 306
0, 307
0, 308
0, 309
0, 310
0, 311
0, 312
0, 313
0, 314
0, 315
0, 316
0, 317
0, 318
0, 319
0, 320
0, 321
0, 322
0, 323
0, 324
0, 325
0, 326
0, 327
0, 328
0, 329
0, 330
0, 331
0, 332
0, 333
0, 334
0, 335
0, 336
0, 337
0, 338
0, 339
0, 340
0, 341
0, 342
0, 343
0, 344
0, 345
0, 346
0, 347
0, 348
0, 349
0, 350
0, 351
0, 352
0, 353
0, 354
0, 355
0, 356
0, 357
0, 358
0, 359
0, 360
0, 361
0, 362
0, 363
0, 364
0, 365
0, 366
0, 367
0, 368
0, 369
0, 370
0, 371
0, 372
0, 373
0, 374
0, 375
0, 376
0, 377
0, 378
0, 379
0, 380
0, 381
0, 382
0, 383
0, 384
0, 385
0, 386
0, 387
0, 388
0, 389
0, 390
0, 391
0, 392
0, 393
0, 394
0, 395
0, 396
0, 397
0, 398
0, 399
0, 400
0, 401
0, 402
0, 403
0, 404
0, 405
0, 406
0, 407
0, 408
0, 409
0, 410
0, 411
0, 412
0, 413
0, 414
0, 415
0, 416
0, 417
0, 418
0, 419
0, 420
0, 421
0, 422
0, 423
0, 424
0, 425
0, 426
0, 427
0, 428
0, 429
0, 430
0, 431
0, 432
0, 433
0, 434
0, 435
0, 436
0, 437
0, 438
0, 439
0, 440
0, 441
0, 442
0, 443
0, 444
0, 445
0, 446
0, 447
0, 448
0, 449
0, 450
0, 451
0, 452
0, 453
0, 454
0, 455
0, 456
0, 457
1, 458
1, 459
1, 460
1, 461
1, 462
1, 463
1, 464
1, 465
1, 466
1, 467
1, 468
1, 469
1, 470
1, 471
1, 472
1, 473
1, 474
1, 475
1, 476
1, 477
1, 478
1, 479
1, 480
1, 481
1, 482
1, 483
1, 484
1, 485
1, 486
1, 487
1, 488
1, 489
1, 490
1, 491
1, 492
1, 493
1, 494
1, 495
1, 496
1, 497
1, 498
1, 499
1, 500
1, 501
1, 502
1, 503
1, 504
1, 505
1, 506
1, 507
1, 508
1, 509
1, 510
1, 511
1, 512
1, 513
1, 514
1, 515
1, 516
1, 517
1, 518
1, 519
1, 520
1, 521
1, 522
1, 523
1, 524
1, 525
1, 526
1, 527
1, 528
1, 529
1, 530
1, 531
1, 532
1, 533
1, 534
1, 535
1, 536
1, 537
1, 538
1, 539
1, 540
1, 541
1, 542
1, 543
1, 544
1, 545
1, 546
1, 547
1, 548
1, 549
1, 550
1, 551
1, 552
1, 553
1, 554
1, 555
1, 556
1, 557
1, 558
1, 559
1, 560
1, 561
1, 562
1, 563
1, 564
1, 565
1, 566
1, 567
1, 568
1, 569
1, 570
1, 571
1, 572
1, 573
1, 574
1, 575
1, 576
1, 577
1, 578
1, 579
1, 580
1, 581
1, 582
1, 583
1, 584
1, 585
1, 586
1, 587
1, 588
1, 589
1, 590
1, 591
1, 592
1, 593
1, 594
1, 595
1, 596
1, 597
1, 598
1, 599
1, 600
1, 601
1, 602
1, 603
1, 604
1, 605
1, 606
1, 607
2, 608
2, 609
2, 610
2, 611
2, 612
2, 613
2, 614
2, 615
2, 616
2, 617
2, 618
2, 619
2, 620
2, 621
2, 622
2, 623
2, 624
2, 625
2, 626
2, 627
2, 628
2, 629
2, 630
2, 631
2, 632
2, 633
2, 634
2, 635
2, 636
2, 637
2, 638
2, 639
2, 640
2, 641
2, 642
2, 643
2, 644
2, 645
2, 646
2, 647
2, 648
2, 649
2, 650
2, 651
2, 652
2, 653
2, 654
2, 655
2, 656
2, 657
2, 658
2, 659
2, 660
2, 661
2, 662
2, 663
2, 664
2, 665
2, 666
2, 667
2, 668
2, 669
2, 670
2, 671
2, 672
2, 673
2, 674
2, 675
2, 676
2, 677
2, 678
2, 679
2, 680
2, 681
2, 682
2, 683
2, 684
2, 685
2, 686
2, 687
2, 688
2, 689
2, 690
2, 691
2, 692
2, 693
2, 694
2, 695
2, 696
2, 697
2, 698
2, 699
2, 700
2, 701
2, 702
2, 703
2, 704
2, 705
3, 706
3, 707
3, 708
3, 709
3, 710
3, 711
3, 712
3, 713
3, 714
3, 715
3, 716
3, 717
3, 718
3, 719
3, 720
3, 721
3, 722
3, 723
3, 724
3, 725
3, 726
3, 727
3, 728
3, 729
3, 730
3, 731
3, 732
3, 733
3, 734
3, 735
3, 736
3, 737
3, 738
3, 739
3, 740
3, 741
3, 742
3, 743
3, 744
3, 745
3, 746
3, 747
3, 748
3, 749
3, 750
3, 751
3, 752
3, 753
3, 754
3, 755
3, 756
3, 757
3, 758
3, 759
3, 760
3, 761
3, 762
3, 763
3, 764
3, 765
3, 766
3, 767
3, 768
3, 769
3, 770
3, 771
3, 772
3, 773
3, 774
3, 775
3, 776
3, 777
3, 778
3, 779
3, 780
3, 781
3, 782
4, 783
4, 784
4, 785
4, 786
4, 787
4, 788
4, 789
4, 790
4, 791
4, 792
4, 793
4, 794
4, 795
4, 796
4, 797
4, 798
4, 799
4, 800
4, 801
4, 802
4, 803
4, 804
4, 805
4, 806
4, 807
4, 808
4, 809
4, 810
4, 811
4, 812
4, 813
4, 814
4, 815
4, 816
4, 817
4, 818
4, 819
4, 820
4, 821
4, 822
4, 823
4, 824
4, 825
4, 826
4, 827
4, 828
4, 829
4, 830
4, 831
4, 832
4, 833
4, 834
4, 835
4, 836
4, 837
4, 838
4, 839
4, 840
4, 841
4, 842
4, 843
4, 844
4, 845
4, 846
4, 847
5, 848
5, 849
5, 850
5, 851
5, 852
5, 853
5, 854
5, 855
5, 856
5, 857
5, 858
5, 859
5, 860
5, 861
5, 862
5, 863
5, 864
5, 865
5, 866
5, 867
5, 868
5, 869
5, 870
5, 871
5, 872
5, 873
5, 874
5, 875
5, 876
5, 877
5, 878
5, 879
5, 880
5, 881
5, 882
5, 883
5, 884
5, 885
5, 886
5, 887
5, 888
5, 889
5, 890
5, 891
5, 892
5, 893
5, 894
5, 895
5, 896
5, 897
5, 898
5, 899
5, 900
5, 901
5, 902
5, 903
5, 904
5, 905
6, 906
6, 907
6, 908
6, 909
6, 910
6, 911
6, 912
6, 913
6, 914
6, 915
6, 916
6, 917
6, 918
6, 919
6, 920
6, 921
6, 922
6, 923
6, 924
6, 925
6, 926
6, 927
6, 928
6, 929
6, 930
6, 931
6, 932
6, 933
6, 934
6, 935
6, 936
6, 937
6, 938
6, 939
6, 940
6, 941
6, 942
6, 943
6, 944
6, 945
6, 946
6, 947
6, 948
6, 949
6, 950
6, 951
6, 952
6, 953
6, 954
6, 955
6, 956
7, 957
7, 958
7, 959
7, 960
7, 961
7, 962
7, 963
7, 964
7, 965
7, 966
7, 967
7, 968
7, 969
7, 970
7, 971
7, 972
7, 973
7, 974
7, 975
7, 976
7, 977
7, 978
7, 979
7, 980
7, 981
7, 982
7, 983
7, 984
7, 985
7, 986
7, 987
7, 988
7, 989
7, 990
7, 991
7, 992
7, 993
7, 994
7, 995
7, 996
7, 997
7, 998
7, 999
7, 1000
7, 1001
7, 1002
7, 1003
8, 1004
8, 1005
8, 1006
8, 1007
8, 1008
8, 1009
8, 1010
8, 1011
8, 1012
8, 1013
8, 1014
8, 1015
8, 1016
8, 1017
8, 1018
8, 1019
8, 1020
8, 1021
8, 1022
8, 1023
8, 1024
8, 1025
8, 1026
8, 1027
8, 1028
8, 1029
8, 1030
8, 1031
8, 1032
8, 1033
8, 1034
8, 1035
8, 1036
8, 1037
8, 1038
8, 1039
8, 1040
8, 1041
8, 1042
8, 1043
8, 1044
8, 1045
8, 1046
8, 1047
9, 1048
9, 1049
9, 1050
9, 1051
9, 1052
9, 1053
9, 1054
9, 1055
9, 1056
9, 1057
9, 1058
9, 1059
9, 1060
9, 1061
9, 1062
9, 1063
9, 1064
9, 1065
9, 1066
9, 1067
9, 1068
9, 1069
9, 1070
9, 1071
9, 1072
9, 1073
9, 1074
9, 1075
9, 1076
9, 1077
9, 1078
9, 1079
9, 1080
9, 1081
9, 1082
9, 1083
9, 1084
9, 1085
9, 1086
9, 1087
10, 1088
10, 1089
10, 1090
10, 1091
10, 1092
10, 1093
10, 1094
10, 1095
10, 1096
10, 1097
10, 1098
10, 1099
10, 1100
10, 1101
10, 1102
10, 1103
10, 1104
10, 1105
10, 1106
10, 1107
10, 1108
10, 1109
10, 1110
10, 1111
10, 1112
10, 1113
10, 1114
10, 1115
10, 1116
10, 1117
10, 1118
10, 1119
10, 1120
10, 1121
10, 1122
10, 1123
10, 1124
10, 1125
10, 1126
11, 1127
11, 1128
11, 1129
11, 1130
11, 1131
11, 1132
11, 1133
11, 1134
11, 1135
11, 1136
11, 1137
11, 1138
11, 1139
11, 1140
11, 1141
11, 1142
11, 1143
11, 1144
11, 1145
11, 1146
11, 1147
11, 1148
11, 1149
11, 1150
11, 1151
11, 1152
11, 1153
11, 1154
11, 1155
11, 1156
11, 1157
11, 1158
11, 1159
11, 1160
11, 1161
11, 1162
12, 1163
12, 1164
12, 1165
12, 1166
12, 1167
12, 1168
12, 1169
12, 1170
12, 1171
12, 1172
12, 1173
12, 1174
12, 1175
12, 1176
12, 1177
12, 1178
12, 1179
12, 1180
12, 1181
12, 1182
12, 1183
12, 1184
12, 1185
12, 1186
12, 1187
12, 1188
12, 1189
12, 1190
12, 1191
12, 1192
12, 1193
12, 1194
12, 1195
12, 1196
13, 1197
13, 1198
13, 1199
13, 1200
13, 1201
13, 1202
13, 1203
13, 1204
13, 1205
13, 1206
13, 1207
13, 1208
13, 1209
13, 1210
13, 1211
13, 1212
13, 1213
13, 1214
13, 1215
13, 1216
13, 1217
13, 1218
13, 1219
13, 1220
13, 1221
13, 1222
13, 1223
13, 1224
13, 1225
13, 1226
13, 1227
13, 1228
13, 1229
14, 1230
14, 1231
14, 1232
14, 1233
14, 1234
14, 1235
14, 1236
14, 1237
14, 1238
14, 1239
14, 1240
14, 1241
14, 1242
14, 1243
14, 1244
14, 1245
14, 1246
14, 1247
14, 1248
14, 1249
14, 1250
14, 1251
14, 1252
14, 1253
14, 1254
14, 1255
14, 1256
14, 1257
14, 1258
14, 1259
14, 1260
14, 1261
15, 1262
15, 1263
15, 1264
15, 1265
15, 1266
15, 1267
15, 1268
15, 1269
15, 1270
15, 1271
15, 1272
15, 1273
15, 1274
15, 1275
15, 1276
15, 1277
15, 1278
15, 1279
15, 1280
15, 1281
15, 1282
15, 1283
15, 1284
15, 1285
15, 1286
15, 1287
15, 1288
15, 1289
15, 1290
15, 1291
16, 1292
16, 1293
16, 1294
16, 1295
16, 1296
16, 1297
16, 1298
16, 1299
16, 1300
16, 1301
16, 1302
16, 1303
16, 1304
16, 1305
16, 1306
16, 1307
16, 1308
16, 1309
16, 1310
16, 1311
16, 1312
16, 1313
16, 1314
16, 1315
16, 1316
16, 1317
16, 1318
16, 1319
16, 1320
16, 1321
17, 1322
17, 1323
17, 1324
17, 1325
17, 1326
17, 1327
17, 1328
17, 1329
17, 1330
17, 1331
17, 1332
17, 1333
17, 1334
17, 1335
17, 1336
17, 1337
17, 1338
17, 1339
17, 1340
17, 1341
17, 1342
17, 1343
17, 1344
17, 1345
17, 1346
17, 1347
17, 1348
17, 1349
18, 1350
18, 1351
18, 1352
18, 1353
18, 1354
18, 1355
18, 1356
18, 1357
18, 1358
18, 1359
18, 1360
18, 1361
18, 1362
18, 1363
18, 1364
18, 1365
18, 1366
18, 1367
18, 1368
18, 1369
18, 1370
18, 1371
18, 1372
18, 1373
18, 1374
18, 1375
18, 1376
19, 1377
19, 1378
19, 1379
19, 1380
19, 1381
19, 1382
19, 1383
19, 1384
19, 1385
19, 1386
19, 1387
19, 1388
19, 1389
19, 1390
19, 1391
19, 1392
19, 1393
19, 1394
19, 1395
19, 1396
19, 1397
19, 1398
19, 1399
19, 1400
19, 1401
19, 1402
19, 1403
20, 1404
20, 1405
20, 1406
20, 1407
20, 1408
20, 1409
20, 1410
20, 1411
20, 1412
20, 1413
20, 1414
20, 1415
20, 1416
20, 1417
20, 1418
20, 1419
20, 1420
20, 1421
20, 1422
20, 1423
20, 1424
20, 1425
20, 1426
20, 1427
20, 1428
20, 1429
21, 1430
21, 1431
21, 1432
21, 1433
21, 1434
21, 1435
21, 1436
21, 1437
21, 1438
21, 1439
21, 1440
21, 1441
21, 1442
21, 1443
21, 1444
21, 1445
21, 1446
21, 1447
21, 1448
21, 1449
21, 1450
21, 1451
21, 1452
21, 1453
21, 1454
22, 1455
22, 1456
22, 1457
22, 1458
22, 1459
22, 1460
22, 1461
22, 1462
22, 1463
22, 1464
22, 1465
22, 1466
22, 1467
22, 1468
22, 1469
22, 1470
22, 1471
22, 1472
22, 1473
22, 1474
22, 1475
22, 1476
22, 1477
22, 1478
23, 1479
23, 1480
23, 1481
23, 1482
23, 1483
23, 1484
23, 1485
23, 1486
23, 1487
23, 1488
23, 1489
23, 1490
23, 1491
23, 1492
23, 1493
23, 1494
23, 1495
23, 1496
23, 1497
23, 1498
23, 1499
23, 1500
23, 1501
23, 1502
24, 1503
24, 1504
24, 1505
24, 1506
24, 1507
24, 1508
24, 1509
24, 1510
24, 1511
24, 1512
24, 1513
24, 1514
24, 1515
24, 1516
24, 1517
24, 1518
24, 1519
24, 1520
24, 1521
24, 1522
24, 1523
24, 1524
24, 1525
25, 1526
25, 1527
25, 1528
25, 1529
25, 1530
25, 1531
25, 1532
25, 1533
25, 1534
25, 1535
25, 1536
25, 1537
25, 1538
25, 1539
25, 1540
25, 1541
25, 1542
25, 1543
25, 1544
25, 1545
25, 1546
25, 1547
26, 1548
26, 1549
26, 1550
26, 1551
26, 1552
26, 1553
26, 1554
26, 1555
26, 1556
26, 1557
26, 1558
26, 1559
26, 1560
26, 1561
26, 1562
26, 1563
26, 1564
26, 1565
26, 1566
26, 1567
26, 1568
26, 1569
27, 1570
27, 1571
27, 1572
27, 1573
27, 1574
27, 1575
27, 1576
27, 1577
27, 1578
27, 1579
27, 1580
27, 1581
27, 1582
27, 1583
27, 1584
27, 1585
27, 1586
27, 1587
27, 1588
27, 1589
27, 1590
27, 1591
28, 1592
28, 1593
28, 1594
28, 1595
28, 1596
28, 1597
28, 1598
28, 1599
28, 1600
28, 1601
28, 1602
28, 1603
28, 1604
28, 1605
28, 1606
28, 1607
28, 1608
28, 1609
28, 1610
28, 1611
28, 1612
29, 1613
29, 1614
29, 1615
29, 1616
29, 1617
29, 1618
29, 1619
29, 1620
29, 1621
29, 1622
29, 1623
29, 1624
29, 1625
29, 1626
29, 1627
29, 1628
29, 1629
29, 1630
29, 1631
29, 1632
30, 1633
30, 1634
30, 1635
30, 1636
30, 1637
30, 1638
30, 1639
30, 1640
30, 1641
30, 1642
30, 1643
30, 1644
30, 1645
30, 1646
30, 1647
30, 1648
30, 1649
30, 1650
30, 1651
30, 1652
31, 1653
31, 1654
31, 1655
31, 1656
31, 1657
31, 1658
31, 1659
31, 1660
31, 1661
31, 1662
31, 1663
31, 1664
31, 1665
31, 1666
31, 1667
31, 1668
31, 1669
31, 1670
31, 1671
31, 1672
32, 1673
32, 1674
32, 1675
32, 1676
32, 1677
32, 1678
32, 1679
32, 1680
32, 1681
32, 1682
32, 1683
32, 1684
32, 1685
32, 1686
32, 1687
32, 1688
32, 1689
32, 1690
32, 1691
33, 1692
33, 1693
33, 1694
33, 1695
33, 1696
33, 1697
33, 1698
33, 1699
33, 1700
33, 1701
33, 1702
33, 1703
33, 1704
33, 1705
33, 1706
33, 1707
33, 1708
33, 1709
33, 1710
34, 1711
34, 1712
34, 1713
34, 1714
34, 1715
34, 1716
34, 1717
34, 1718
34, 1719
34, 1720
34, 1721
34, 1722
34, 1723
34, 1724
34, 1725
34, 1726
34, 1727
34, 1728
34, 1729
35, 1730
35, 1731
35, 1732
35, 1733
35, 1734
35, 1735
35, 1736
35, 1737
35, 1738
35, 1739
35, 1740
35, 1741
35, 1742
35, 1743
35, 1744
35, 1745
35, 1746
35, 1747
36, 1748
36, 1749
36, 1750
36, 1751
36, 1752
36, 1753
36, 1754
36, 1755
36, 1756
36, 1757
36, 1758
36, 1759
36, 1760
36, 1761
36, 1762
36, 1763
36, 1764
36, 1765
37, 1766
37, 1767
37, 1768
37, 1769
37, 1770
37, 1771
37, 1772
37, 1773
37, 1774
37, 1775
37, 1776
37, 1777
37, 1778
37, 1779
37, 1780
37, 1781
37, 1782
38, 1783
38, 1784
38, 1785
38, 1786
38, 1787
38, 1788
38, 1789
38, 1790
38, 1791
38, 1792
38, 1793
38, 1794
38, 1795
38, 1796
38, 1797
38, 1798
38, 1799
39, 1800
39, 1801
39, 1802
39, 1803
39, 1804
39, 1805
39, 1806
39, 1807
39, 1808
39, 1809
39, 1810
39, 1811
39, 1812
39, 1813
39, 1814
39, 1815
39, 1816
40, 1817
40, 1818
40, 1819
40, 1820
40, 1821
40, 1822
40, 1823
40, 1824
40, 1825
40, 1826
40, 1827
40, 1828
40, 1829
40, 1830
40, 1831
40, 1832
40, 1833
41, 1834
41, 1835
41, 1836
41, 1837
41, 1838
41, 1839
41, 1840
41, 1841
41, 1842
41, 1843
41, 1844
41, 1845
41, 1846
41, 1847
41, 1848
41, 1849
42, 1850
42, 1851
42, 1852
42, 1853
42, 1854
42, 1855
42, 1856
42, 1857
42, 1858
42, 1859
42, 1860
42, 1861
42, 1862
42, 1863
42, 1864
42, 1865
43, 1866
43, 1867
43, 1868
43, 1869
43, 1870
43, 1871
43, 1872
43, 1873
43, 1874
43, 1875
43, 1876
43, 1877
43, 1878
43, 1879
43, 1880
43, 1881
44, 1882
44, 1883
44, 1884
44, 1885
44, 1886
44, 1887
44, 1888
44, 1889
44, 1890
44, 1891
44, 1892
44, 1893
44, 1894
44, 1895
44, 1896
45, 1897
45, 1898
45, 1899
45, 1900
45, 1901
45, 1902
45, 1903
45, 1904
45, 1905
45, 1906
45, 1907
45, 1908
45, 1909
45, 1910
45, 1911
46, 1912
46, 1913
46, 1914
46, 1915
46, 1916
46, 1917
46, 1918
46, 1919
46, 1920
46, 1921
46, 1922
46, 1923
46, 1924
46, 1925
46, 1926
46, 1927
47, 1928
47, 1929
47, 1930
47, 1931
47, 1932
47, 1933
47, 1934
47, 1935
47, 1936
47, 1937
47, 1938
47, 1939
47, 1940
47, 1941
48, 1942
48, 1943
48, 1944
48, 1945
48, 1946
48, 1947
48, 1948
48, 1949
48, 1950
48, 1951
48, 1952
48, 1953
48, 1954
48, 1955
48, 1956
49, 1957
49, 1958
49, 1959
49, 1960
49, 1961
49, 1962
49, 1963
49, 1964
49, 1965
49, 1966
49, 1967
49, 1968
49, 1969
49, 1970
50, 1971
50, 1972
50, 1973
50, 1974
50, 1975
50, 1976
50, 1977
50, 1978
50, 1979
50, 1980
50, 1981
50, 1982
50, 1983
50, 1984
50, 1985
51, 1986
51, 1987
51, 1988
51, 1989
51, 1990
51, 1991
51, 1992
51, 1993
51, 1994
51, 1995
51, 1996
51, 1997
51, 1998
51, 1999
52, 2000
52, 2001
52, 2002
52, 2003
52, 2004
52, 2005
52, 2006
52, 2007
52, 2008
52, 2009
52, 2010
52, 2011
52, 2012
52, 2013
53, 2014
53, 2015
53, 2016
53, 2017
53, 2018
53, 2019
53, 2020
53, 2021
53, 2022
53, 2023
53, 2024
53, 2025
53, 2026
54, 2027
54, 2028
54, 2029
54, 2030
54, 2031
54, 2032
54, 2033
54, 2034
54, 2035
54, 2036
54, 2037
54, 2038
54, 2039
54, 2040
55, 2041
55, 2042
55, 2043
55, 2044
55, 2045
55, 2046
55, 2047
55, 2048
55, 2049
55, 2050
55, 2051
55, 2052
55, 2053
56, 2054
56, 2055
56, 2056
56, 2057
56, 2058
56, 2059
56, 2060
56, 2061
56, 2062
56, 2063
56, 2064
56, 2065
56, 2066
56, 2067
57, 2068
57, 2069
57, 2070
57, 2071
57, 2072
57, 2073
57, 2074
57, 2075
57, 2076
57, 2077
57, 2078
57, 2079
57, 2080
58, 2081
58, 2082
58, 2083
58, 2084
58, 2085
58, 2086
58, 2087
58, 2088
58, 2089
58, 2090
58, 2091
58, 2092
58, 2093
59, 2094
59, 2095
59, 2096
59, 2097
59, 2098
59, 2099
59, 2100
59, 2101
59, 2102
59, 2103
59, 2104
59, 2105
59, 2106
60, 2107
60, 2108
60, 2109
60, 2110
60, 2111
60, 2112
60, 2113
60, 2114
60, 2115
60, 2116
60, 2117
60, 2118
61, 2119
61, 2120
61, 2121
61, 2122
61, 2123
61, 2124
61, 2125
61, 2126
61, 2127
61, 2128
61, 2129
61, 2130
61, 2131
62, 2132
62, 2133
62, 2134
62, 2135
62, 2136
62, 2137
62, 2138
62, 2139
62, 2140
62, 2141
62, 2142
62, 2143
62, 2144
63, 2145
63, 2146
63, 2147
63, 2148
63, 2149
63, 2150
63, 2151
63, 2152
63, 2153
63, 2154
63, 2155
63, 2156
64, 2157
64, 2158
64, 2159
64, 2160
64, 2161
64, 2162
64, 2163
64, 2164
64, 2165
64, 2166
64, 2167
64, 2168
65, 2169
65, 2170
65, 2171
65, 2172
65, 2173
65, 2174
65, 2175
65, 2176
65, 2177
65, 2178
65, 2179
65, 2180
65, 2181
66, 2182
66, 2183
66, 2184
66, 2185
66, 2186
66, 2187
66, 2188
66, 2189
66, 2190
66, 2191
66, 2192
66, 2193
67, 2194
67, 2195
67, 2196
67, 2197
67, 2198
67, 2199
67, 2200
67, 2201
67, 2202
67, 2203
67, 2204
67, 2205
68, 2206
68, 2207
68, 2208
68, 2209
68, 2210
68, 2211
68, 2212
68, 2213
68, 2214
68, 2215
68, 2216
68, 2217
69, 2218
69, 2219
69, 2220
69, 2221
69, 2222
69, 2223
69, 2224
69, 2225
69, 2226
69, 2227
69, 2228
69, 2229
70, 2230
70, 2231
70, 2232
70, 2233
70, 2234
70, 2235
70, 2236
70, 2237
70, 2238
70, 2239
70, 2240
70, 2241
71, 2242
71, 2243
71, 2244
71, 2245
71, 2246
71, 2247
71, 2248
71, 2249
71, 2250
71, 2251
71, 2252
72, 2253
72, 2254
72, 2255
72, 2256
72, 2257
72, 2258
72, 2259
72, 2260
72, 2261
72, 2262
72, 2263
72, 2264
73, 2265
73, 2266
73, 2267
73, 2268
73, 2269
73, 2270
73, 2271
73, 2272
73, 2273
73, 2274
73, 2275
73, 2276
74, 2277
74, 2278
74, 2279
74, 2280
74, 2281
74, 2282
74, 2283
74, 2284
74, 2285
74, 2286
74, 2287
75, 2288
75, 2289
75, 2290
75, 2291
75, 2292
75, 2293
75, 2294
75, 2295
75, 2296
75, 2297
75, 2298
75, 2299
76, 2300
76, 2301
76, 2302
76, 2303
76, 2304
76, 2305
76, 2306
76, 2307
76, 2308
76, 2309
76, 2310
76, 2311
77, 2312
77, 2313
77, 2314
77, 2315
77, 2316
77, 2317
77, 2318
77, 2319
77, 2320
77, 2321
77, 2322
78, 2323
78, 2324
78, 2325
78, 2326
78, 2327
78, 2328
78, 2329
78, 2330
78, 2331
78, 2332
78, 2333
78, 2334
79, 2335
79, 2336
79, 2337
79, 2338
79, 2339
79, 2340
79, 2341
79, 2342
79, 2343
79, 2344
79, 2345
80, 2346
80, 2347
80, 2348
80, 2349
80, 2350
80, 2351
80, 2352
80, 2353
80, 2354
80, 2355
80, 2356
80, 2357
81, 2358
81, 2359
81, 2360
81, 2361
81, 2362
81, 2363
81, 2364
81, 2365
81, 2366
81, 2367
81, 2368
82, 2369
82, 2370
82, 2371
82, 2372
82, 2373
82, 2374
82, 2375
82, 2376
82, 2377
82, 2378
82, 2379
82, 2380
83, 2381
83, 2382
83, 2383
83, 2384
83, 2385
83, 2386
83, 2387
83, 2388
83, 2389
83, 2390
83, 2391
84, 2392
84, 2393
84, 2394
84, 2395
84, 2396
84, 2397
84, 2398
84, 2399
84, 2400
84, 2401
84, 2402
84, 2403
85, 2404
85, 2405
85, 2406
85, 2407
85, 2408
85, 2409
85, 2410
85, 2411
85, 2412
85, 2413
85, 2414
86, 2415
86, 2416
86, 2417
86, 2418
86, 2419
86, 2420
86, 2421
86, 2422
86, 2423
86, 2424
86, 2425
86, 2426
87, 2427
87, 2428
87, 2429
87, 2430
87, 2431
87, 2432
87, 2433
87, 2434
87, 2435
87, 2436
87, 2437
88, 2438
88, 2439
88, 2440
88, 2441
88, 2442
88, 2443
88, 2444
88, 2445
88, 2446
88, 2447
88, 2448
88, 2449
89, 2450
89, 2451
89, 2452
89, 2453
89, 2454
89, 2455
89, 2456
89, 2457
89, 2458
89, 2459
89, 2460
90, 2461
90, 2462
90, 2463
90, 2464
90, 2465
90, 2466
90, 2467
90, 2468
90, 2469
90, 2470
90, 2471
90, 2472
91, 2473
91, 2474
91, 2475
91, 2476
91, 2477
91, 2478
91, 2479
91, 2480
91, 2481
91, 2482
91, 2483
92, 2484
92, 2485
92, 2486
92, 2487
92, 2488
92, 2489
92, 2490
92, 2491
92, 2492
92, 2493
92, 2494
92, 2495
93, 2496
93, 2497
93, 2498
93, 2499
93, 2500
93, 2501
93, 2502
93, 2503
93, 2504
93, 2505
93, 2506
93, 2507
94, 2508
94, 2509
94, 2510
94, 2511
94, 2512
94, 2513
94, 2514
94, 2515
94, 2516
94, 2517
94, 2518
94, 2519
95, 2520
95, 2521
95, 2522
95, 2523
95, 2524
95, 2525
95, 2526
95, 2527
95, 2528
95, 2529
95, 2530
95, 2531
96, 2532
96, 2533
96, 2534
96, 2535
96, 2536
96, 2537
96, 2538
96, 2539
96, 2540
96, 2541
96, 2542
96, 2543
97, 2544
97, 2545
97, 2546
97, 2547
97, 2548
97, 2549
97, 2550
97, 2551
97, 2552
97, 2553
97, 2554
97, 2555
98, 2556
98, 2557
98, 2558
98, 2559
98, 2560
98, 2561
98, 2562
98, 2563
98, 2564
98, 2565
98, 2566
98, 2567
99, 2568
99, 2569
99, 2570
99, 2571
99, 2572
99, 2573
99, 2574
99, 2575
99, 2576
99, 2577
99, 2578
99, 2579
100, 2580
100, 2581
100, 2582
100, 2583
100, 2584
100, 2585
100, 2586
100, 2587
100, 2588
100, 2589
100, 2590
100, 2591
101, 2592
101, 2593
101, 2594
101, 2595
101, 2596
101, 2597
101, 2598
101, 2599
101, 2600
101, 2601
101, 2602
101, 2603
101, 2604
102, 2605
102, 2606
102, 2607
102, 2608
102, 2609
102, 2610
102, 2611
102, 2612
102, 2613
102, 2614
102, 2615
102, 2616
103, 2617
103, 2618
103, 2619
103, 2620
103, 2621
103, 2622
103, 2623
103, 2624
103, 2625
103, 2626
103, 2627
103, 2628
103, 2629
104, 2630
104, 2631
104, 2632
104, 2633
104, 2634
104, 2635
104, 2636
104, 2637
104, 2638
104, 2639
104, 2640
104, 2641
104, 2642
105, 2643
105, 2644
105, 2645
105, 2646
105, 2647
105, 2648
105, 2649
105, 2650
105, 2651
105, 2652
105, 2653
105, 2654
105, 2655
106, 2656
106, 2657
106, 2658
106, 2659
106, 2660
106, 2661
106, 2662
106, 2663
106, 2664
106, 2665
106, 2666
106, 2667
106, 2668
107, 2669
107, 2670
107, 2671
107, 2672
107, 2673
107, 2674
107, 2675
107, 2676
107, 2677
107, 2678
107, 2679
107, 2680
107, 2681
107, 2682
108, 2683
108, 2684
108, 2685
108, 2686
108, 2687
108, 2688
108, 2689
108, 2690
108, 2691
108, 2692
108, 2693
108, 2694
108, 2695
109, 2696
109, 2697
109, 2698
109, 2699
109, 2700
109, 2701
109, 2702
109, 2703
109, 2704
109, 2705
109, 2706
109, 2707
109, 2708
109, 2709
110, 2710
110, 2711
110, 2712
110, 2713
110, 2714
110, 2715
110, 2716
110, 2717
110, 2718
110, 2719
110, 2720
110, 2721
110, 2722
110, 2723
111, 2724
111, 2725
111, 2726
111, 2727
111, 2728
111, 2729
111, 2730
111, 2731
111, 2732
111, 2733
111, 2734
111, 2735
111, 2736
111, 2737
112, 2738
112, 2739
112, 2740
112, 2741
112, 2742
112, 2743
112, 2744
112, 2745
112, 2746
112, 2747
112, 2748
112, 2749
112, 2750
112, 2751
112, 2752
113, 2753
113, 2754
113, 2755
113, 2756
113, 2757
113, 2758
113, 2759
113, 2760
113, 2761
113, 2762
113, 2763
113, 2764
113, 2765
113, 2766
113, 2767
114, 2768
114, 2769
114, 2770
114, 2771
114, 2772
114, 2773
114, 2774
114, 2775
114, 2776
114, 2777
114, 2778
114, 2779
114, 2780
114, 2781
114, 2782
115, 2783
115, 2784
115, 2785
115, 2786
115, 2787
115, 2788
115, 2789
115, 2790
115, 2791
115, 2792
115, 2793
115, 2794
115, 2795
115, 2796
115, 2797
116, 2798
116, 2799
116, 2800
116, 2801
116, 2802
116, 2803
116, 2804
116, 2805
116, 2806
116, 2807
116, 2808
116, 2809
116, 2810
116, 2811
116, 2812
116, 2813
117, 2814
117, 2815
117, 2816
117, 2817
117, 2818
117, 2819
117, 2820
117, 2821
117, 2822
117, 2823
117, 2824
117, 2825
117, 2826
117, 2827
117, 2828
117, 2829
118, 2830
118, 2831
118, 2832
118, 2833
118, 2834
118, 2835
118, 2836
118, 2837
118, 2838
118, 2839
118, 2840
118, 2841
118, 2842
118, 2843
118, 2844
118, 2845
118, 2846
119, 2847
119, 2848
119, 2849
119, 2850
119, 2851
119, 2852
119, 2853
119, 2854
119, 2855
119, 2856
119, 2857
119, 2858
119, 2859
119, 2860
119, 2861
119, 2862
119, 2863
120, 2864
120, 2865
120, 2866
120, 2867
120, 2868
120, 2869
120, 2870
120, 2871
120, 2872
120, 2873
120, 2874
120, 2875
120, 2876
120, 2877
120, 2878
120, 2879
120, 2880
120, 2881
121, 2882
121, 2883
121, 2884
121, 2885
121, 2886
121, 2887
121, 2888
121, 2889
121, 2890
121, 2891
121, 2892
121, 2893
121, 2894
121, 2895
121, 2896
121, 2897
121, 2898
121, 2899
122, 2900
122, 2901
122, 2902
122, 2903
122, 2904
122, 2905
122, 2906
122, 2907
122, 2908
122, 2909
122, 2910
122, 2911
122, 2912
122, 2913
122, 2914
122, 2915
122, 2916
122, 2917
123, 2918
123, 2919
123, 2920
123, 2921
123, 2922
123, 2923
123, 2924
123, 2925
123, 2926
123, 2927
123, 2928
123, 2929
123, 2930
123, 2931
123, 2932
123, 2933
123, 2934
123, 2935
123, 2936
124, 2937
124, 2938
124, 2939
124, 2940
124, 2941
124, 2942
124, 2943
124, 2944
124, 2945
124, 2946
124, 2947
124, 2948
124, 2949
124, 2950
124, 2951
124, 2952
124, 2953
124, 2954
124, 2955
124, 2956
125, 2957
125, 2958
125, 2959
125, 2960
125, 2961
125, 2962
125, 2963
125, 2964
125, 2965
125, 2966
125, 2967
125, 2968
125, 2969
125, 2970
125, 2971
125, 2972
125, 2973
125, 2974
125, 2975
125, 2976
125, 2977
126, 2978
126, 2979
126, 2980
126, 2981
126, 2982
126, 2983
126, 2984
126, 2985
126, 2986
126, 2987
126, 2988
126, 2989
126, 2990
126, 2991
126, 2992
126, 2993
126, 2994
126, 2995
126, 2996
126, 2997
126, 2998
127, 2999
127, 3000
127, 3001
127, 3002
127, 3003
127, 3004
127, 3005
127, 3006
127, 3007
127, 3008
127, 3009
127, 3010
127, 3011
127, 3012
127, 3013
127, 3014
127, 3015
127, 3016
127, 3017
127, 3018
127, 3019
127, 3020
128, 3021
128, 3022
128, 3023
128, 3024
128, 3025
128, 3026
128, 3027
128, 3028
128, 3029
128, 3030
128, 3031
128, 3032
128, 3033
128, 3034
128, 3035
128, 3036
128, 3037
128, 3038
128, 3039
128, 3040
128, 3041
128, 3042
129, 3043
129, 3044
129, 3045
129, 3046
129, 3047
129, 3048
129, 3049
129, 3050
129, 3051
129, 3052
129, 3053
129, 3054
129, 3055
129, 3056
129, 3057
129, 3058
129, 3059
129, 3060
129, 3061
129, 3062
129, 3063
129, 3064
129, 3065
129, 3066
130, 3067
130, 3068
130, 3069
130, 3070
130, 3071
130, 3072
130, 3073
130, 3074
130, 3075
130, 3076
130, 3077
130, 3078
130, 3079
130, 3080
130, 3081
130, 3082
130, 3083
130, 3084
130, 3085
130, 3086
130, 3087
130, 3088
130, 3089
130, 3090
131, 3091
131, 3092
131, 3093
131, 3094
131, 3095
131, 3096
131, 3097
131, 3098
131, 3099
131, 3100
131, 3101
131, 3102
131, 3103
131, 3104
131, 3105
131, 3106
131, 3107
131, 3108
131, 3109
131, 3110
131, 3111
131, 3112
131, 3113
131, 3114
131, 3115
132, 3116
132, 3117
132, 3118
132, 3119
132, 3120
132, 3121
132, 3122
132, 3123
132, 3124
132, 3125
132, 3126
132, 3127
132, 3128
132, 3129
132, 3130
132, 3131
132, 3132
132, 3133
132, 3134
132, 3135
132, 3136
132, 3137
132, 3138
132, 3139
132, 3140
132, 3141
133, 3142
133, 3143
133, 3144
133, 3145
133, 3146
133, 3147
133, 3148
133, 3149
133, 3150
133, 3151
133, 3152
133, 3153
133, 3154
133, 3155
133, 3156
133, 3157
133, 3158
133, 3159
133, 3160
133, 3161
133, 3162
133, 3163
133, 3164
133, 3165
133, 3166
133, 3167
133, 3168
134, 3169
134, 3170
134, 3171
134, 3172
134, 3173
134, 3174
134, 3175
134, 3176
134, 3177
134, 3178
134, 3179
134, 3180
134, 3181
134, 3182
134, 3183
134, 3184
134, 3185
134, 3186
134, 3187
134, 3188
134, 3189
134, 3190
134, 3191
134, 3192
134, 3193
134, 3194
134, 3195
134, 3196
135, 3197
135, 3198
135, 3199
135, 3200
135, 3201
135, 3202
135, 3203
135, 3204
135, 3205
135, 3206
135, 3207
135, 3208
135, 3209
135, 3210
135, 3211
135, 3212
135, 3213
135, 3214
135, 3215
135, 3216
135, 3217
135, 3218
135, 3219
135, 3220
135, 3221
135, 3222
135, 3223
135, 3224
136, 3225
136, 3226
136, 3227
136, 3228
136, 3229
136, 3230
136, 3231
136, 3232
136, 3233
136, 3234
136, 3235
136, 3236
136, 3237
136, 3238
136, 3239
136, 3240
136, 3241
136, 3242
136, 3243
136, 3244
136, 3245
136, 3246
136, 3247
136, 3248
136, 3249
136, 3250
136, 3251
136, 3252
137, 3253
137, 3254
137, 3255
137, 3256
137, 3257
137, 3258
137, 3259
137, 3260
137, 3261
137, 3262
137, 3263
137, 3264
137, 3265
137, 3266
137, 3267
137, 3268
137, 3269
137, 3270
137, 3271
137, 3272
137, 3273
137, 3274
137, 3275
137, 3276
137, 3277
137, 3278
137, 3279
137, 3280
137, 3281
137, 3282
138, 3283
138, 3284
138, 3285
138, 3286
138, 3287
138, 3288
138, 3289
138, 3290
138, 3291
138, 3292
138, 3293
138, 3294
138, 3295
138, 3296
138, 3297
138, 3298
138, 3299
138, 3300
138, 3301
138, 3302
138, 3303
138, 3304
138, 3305
138, 3306
138, 3307
138, 3308
138, 3309
138, 3310
138, 3311
139, 3312
139, 3313
139, 3314
139, 3315
139, 3316
139, 3317
139, 3318
139, 3319
139, 3320
139, 3321
139, 3322
139, 3323
139, 3324
139, 3325
139, 3326
139, 3327
139, 3328
139, 3329
139, 3330
139, 3331
139, 3332
139, 3333
139, 3334
139, 3335
139, 3336
139, 3337
139, 3338
139, 3339
139, 3340
139, 3341
140, 3342
140, 3343
140, 3344
140, 3345
140, 3346
140, 3347
140, 3348
140, 3349
140, 3350
140, 3351
140, 3352
140, 3353
140, 3354
140, 3355
140, 3356
140, 3357
140, 3358
140, 3359
140, 3360
140, 3361
140, 3362
140, 3363
140, 3364
140, 3365
140, 3366
140, 3367
140, 3368
140, 3369
140, 3370
140, 3371
141, 3372
141, 3373
141, 3374
141, 3375
141, 3376
141, 3377
141, 3378
141, 3379
141, 3380
141, 3381
141, 3382
141, 3383
141, 3384
141, 3385
141, 3386
141, 3387
141, 3388
141, 3389
141, 3390
141, 3391
141, 3392
141, 3393
141, 3394
141, 3395
141, 3396
141, 3397
141, 3398
141, 3399
141, 3400
142, 3401
142, 3402
142, 3403
142, 3404
142, 3405
142, 3406
142, 3407
142, 3408
142, 3409
142, 3410
142, 3411
142, 3412
142, 3413
142, 3414
142, 3415
142, 3416
142, 3417
142, 3418
142, 3419
142, 3420
142, 3421
142, 3422
142, 3423
142, 3424
142, 3425
142, 3426
142, 3427
142, 3428
142, 3429
142, 3430
143, 3431
143, 3432
143, 3433
143, 3434
143, 3435
143, 3436
143, 3437
143, 3438
143, 3439
143, 3440
143, 3441
143, 3442
143, 3443
143, 3444
143, 3445
143, 3446
143, 3447
143, 3448
143, 3449
143, 3450
143, 3451
143, 3452
143, 3453
143, 3454
143, 3455
143, 3456
143, 3457
143, 3458
143, 3459
144, 3460
144, 3461
144, 3462
144, 3463
144, 3464
144, 3465
144, 3466
144, 3467
144, 3468
144, 3469
144, 3470
144, 3471
144, 3472
144, 3473
144, 3474
144, 3475
144, 3476
144, 3477
144, 3478
144, 3479
144, 3480
144, 3481
144, 3482
144, 3483
144, 3484
144, 3485
144, 3486
144, 3487
144, 3488
145, 3489
145, 3490
145, 3491
145, 3492
145, 3493
145, 3494
145, 3495
145, 3496
145, 3497
145, 3498
145, 3499
145, 3500
145, 3501
145, 3502
145, 3503
145, 3504
145, 3505
145, 3506
145, 3507
145, 3508
145, 3509
145, 3510
145, 3511
145, 3512
145, 3513
145, 3514
145, 3515
145, 3516
145, 3517
146, 3518
146, 3519
146, 3520
146, 3521
146, 3522
146, 3523
146, 3524
146, 3525
146, 3526
146, 3527
146, 3528
146, 3529
146, 3530
146, 3531
146, 3532
146, 3533
146, 3534
146, 3535
146, 3536
146, 3537
146, 3538
146, 3539
146, 3540
146, 3541
146, 3542
146, 3543
146, 3544
146, 3545
146, 3546
147, 3547
147, 3548
147, 3549
147, 3550
147, 3551
147, 3552
147, 3553
147, 3554
147, 3555
147, 3556
147, 3557
147, 3558
147, 3559
147, 3560
147, 3561
147, 3562
147, 3563
147, 3564
147, 3565
147, 3566
147, 3567
147, 3568
147, 3569
147, 3570
147, 3571
147, 3572
147, 3573
147, 3574
148, 3575
148, 3576
148, 3577
148, 3578
148, 3579
148, 3580
148, 3581
148, 3582
148, 3583
148, 3584
148, 3585
148, 3586
148, 3587
148, 3588
148, 3589
148, 3590
148, 3591
148, 3592
148, 3593
148, 3594
148, 3595
148, 3596
148, 3597
148, 3598
148, 3599
148, 3600
148, 3601
148, 3602
149, 3603
149, 3604
149, 3605
149, 3606
149, 3607
149, 3608
149, 3609
149, 3610
149, 3611
149, 3612
149, 3613
149, 3614
149, 3615
149, 3616
149, 3617
149, 3618
149, 3619
149, 3620
149, 3621
149, 3622
149, 3623
149, 3624
149, 3625
149, 3626
149, 3627
149, 3628
149, 3629
149, 3630
150, 3631
150, 3632
150, 3633
150, 3634
150, 3635
150, 3636
150, 3637
150, 3638
150, 3639
150, 3640
150, 3641
150, 3642
150, 3643
150, 3644
150, 3645
150, 3646
150, 3647
150, 3648
150, 3649
150, 3650
150, 3651
150, 3652
150, 3653
150, 3654
150, 3655
150, 3656
150, 3657
150, 3658
151, 3659
151, 3660
151, 3661
151, 3662
151, 3663
151, 3664
151, 3665
151, 3666
151, 3667
151, 3668
151, 3669
151, 3670
151, 3671
151, 3672
151, 3673
151, 3674
151, 3675
151, 3676
151, 3677
151, 3678
151, 3679
151, 3680
151, 3681
151, 3682
151, 3683
151, 3684
151, 3685
152, 3686
152, 3687
152, 3688
152, 3689
152, 3690
152, 3691
152, 3692
152, 3693
152, 3694
152, 3695
152, 3696
152, 3697
152, 3698
152, 3699
152, 3700
152, 3701
152, 3702
152, 3703
152, 3704
152, 3705
152, 3706
152, 3707
152, 3708
152, 3709
152, 3710
152, 3711
152, 3712
153, 3713
153, 3714
153, 3715
153, 3716
153, 3717
153, 3718
153, 3719
153, 3720
153, 3721
153, 3722
153, 3723
153, 3724
153, 3725
153, 3726
153, 3727
153, 3728
153, 3729
153, 3730
153, 3731
153, 3732
153, 3733
153, 3734
153, 3735
153, 3736
153, 3737
153, 3738
153, 3739
154, 3740
154, 3741
154, 3742
154, 3743
154, 3744
154, 3745
154, 3746
154, 3747
154, 3748
154, 3749
154, 3750
154, 3751
154, 3752
154, 3753
154, 3754
154, 3755
154, 3756
154, 3757
154, 3758
154, 3759
154, 3760
154, 3761
154, 3762
154, 3763
154, 3764
154, 3765
154, 3766
155, 3767
155, 3768
155, 3769
155, 3770
155, 3771
155, 3772
155, 3773
155, 3774
155, 3775
155, 3776
155, 3777
155, 3778
155, 3779
155, 3780
155, 3781
155, 3782
155, 3783
155, 3784
155, 3785
155, 3786
155, 3787
155, 3788
155, 3789
155, 3790
155, 3791
155, 3792
155, 3793
156, 3794
156, 3795
156, 3796
156, 3797
156, 3798
156, 3799
156, 3800
156, 3801
156, 3802
156, 3803
156, 3804
156, 3805
156, 3806
156, 3807
156, 3808
156, 3809
156, 3810
156, 3811
156, 3812
156, 3813
156, 3814
156, 3815
156, 3816
156, 3817
156, 3818
156, 3819
156, 3820
157, 3821
157, 3822
157, 3823
157, 3824
157, 3825
157, 3826
157, 3827
157, 3828
157, 3829
157, 3830
157, 3831
157, 3832
157, 3833
157, 3834
157, 3835
157, 3836
157, 3837
157, 3838
157, 3839
157, 3840
157, 3841
157, 3842
157, 3843
157, 3844
157, 3845
157, 3846
157, 3847
158, 3848
158, 3849
158, 3850
158, 3851
158, 3852
158, 3853
158, 3854
158, 3855
158, 3856
158, 3857
158, 3858
158, 3859
158, 3860
158, 3861
158, 3862
158, 3863
158, 3864
158, 3865
158, 3866
158, 3867
158, 3868
158, 3869
158, 3870
158, 3871
158, 3872
158, 3873
158, 3874
159, 3875
159, 3876
159, 3877
159, 3878
159, 3879
159, 3880
159, 3881
159, 3882
159, 3883
159, 3884
159, 3885
159, 3886
159, 3887
159, 3888
159, 3889
159, 3890
159, 3891
159, 3892
159, 3893
159, 3894
159, 3895
159, 3896
159, 3897
159, 3898
159, 3899
159, 3900
159, 3901
160, 3902
160, 3903
160, 3904
160, 3905
160, 3906
160, 3907
160, 3908
160, 3909
160, 3910
160, 3911
160, 3912
160, 3913
160, 3914
160, 3915
160, 3916
160, 3917
160, 3918
160, 3919
160, 3920
160, 3921
160, 3922
160, 3923
160, 3924
160, 3925
160, 3926
160, 3927
160, 3928
160, 3929
161, 3930
161, 3931
161, 3932
161, 3933
161, 3934
161, 3935
161, 3936
161, 3937
161, 3938
161, 3939
161, 3940
161, 3941
161, 3942
161, 3943
161, 3944
161, 3945
161, 3946
161, 3947
161, 3948
161, 3949
161, 3950
161, 3951
161, 3952
161, 3953
161, 3954
161, 3955
161, 3956
161, 3957
162, 3958
162, 3959
162, 3960
162, 3961
162, 3962
162, 3963
162, 3964
162, 3965
162, 3966
162, 3967
162, 3968
162, 3969
162, 3970
162, 3971
162, 3972
162, 3973
162, 3974
162, 3975
162, 3976
162, 3977
162, 3978
162, 3979
162, 3980
162, 3981
162, 3982
162, 3983
162, 3984
162, 3985
163, 3986
163, 3987
163, 3988
163, 3989
163, 3990
163, 3991
163, 3992
163, 3993
163, 3994
163, 3995
163, 3996
163, 3997
163, 3998
163, 3999
163, 4000
163, 4001
163, 4002
163, 4003
163, 4004
163, 4005
163, 4006
163, 4007
163, 4008
163, 4009
163, 4010
163, 4011
163, 4012
163, 4013
164, 4014
164, 4015
164, 4016
164, 4017
164, 4018
164, 4019
164, 4020
164, 4021
164, 4022
164, 4023
164, 4024
164, 4025
164, 4026
164, 4027
164, 4028
164, 4029
164, 4030
164, 4031
164, 4032
164, 4033
164, 4034
164, 4035
164, 4036
164, 4037
164, 4038
164, 4039
164, 4040
164, 4041
164, 4042
165, 4043
165, 4044
165, 4045
165, 4046
165, 4047
165, 4048
165, 4049
165, 4050
165, 4051
165, 4052
165, 4053
165, 4054
165, 4055
165, 4056
165, 4057
165, 4058
165, 4059
165, 4060
165, 4061
165, 4062
165, 4063
165, 4064
165, 4065
165, 4066
165, 4067
165, 4068
165, 4069
165, 4070
165, 4071
166, 4072
166, 4073
166, 4074
166, 4075
166, 4076
166, 4077
166, 4078
166, 4079
166, 4080
166, 4081
166, 4082
166, 4083
166, 4084
166, 4085
166, 4086
166, 4087
166, 4088
166, 4089
166, 4090
166, 4091
166, 4092
166, 4093
166, 4094
166, 4095
166, 4096
166, 4097
166, 4098
166, 4099
166, 4100
166, 4101
167, 4102
167, 4103
167, 4104
167, 4105
167, 4106
167, 4107
167, 4108
167, 4109
167, 4110
167, 4111
167, 4112
167, 4113
167, 4114
167, 4115
167, 4116
167, 4117
167, 4118
167, 4119
167, 4120
167, 4121
167, 4122
167, 4123
167, 4124
167, 4125
167, 4126
167, 4127
167, 4128
167, 4129
167, 4130
167, 4131
167, 4132
168, 4133
168, 4134
168, 4135
168, 4136
168, 4137
168, 4138
168, 4139
168, 4140
168, 4141
168, 4142
168, 4143
168, 4144
168, 4145
168, 4146
168, 4147
168, 4148
168, 4149
168, 4150
168, 4151
168, 4152
168, 4153
168, 4154
168, 4155
168, 4156
168, 4157
168, 4158
168, 4159
168, 4160
168, 4161
168, 4162
168, 4163
169, 4164
169, 4165
169, 4166
169, 4167
169, 4168
169, 4169
169, 4170
169, 4171
169, 4172
169, 4173
169, 4174
169, 4175
169, 4176
169, 4177
169, 4178
169, 4179
169, 4180
169, 4181
169, 4182
169, 4183
169, 4184
169, 4185
169, 4186
169, 4187
169, 4188
169, 4189
169, 4190
169, 4191
169, 4192
169, 4193
169, 4194
169, 4195
170, 4196
170, 4197
170, 4198
170, 4199
170, 4200
170, 4201
170, 4202
170, 4203
170, 4204
170, 4205
170, 4206
170, 4207
170, 4208
170, 4209
170, 4210
170, 4211
170, 4212
170, 4213
170, 4214
170, 4215
170, 4216
170, 4217
170, 4218
170, 4219
170, 4220
170, 4221
170, 4222
170, 4223
170, 4224
170, 4225
170, 4226
170, 4227
170, 4228
171, 4229
171, 4230
171, 4231
171, 4232
171, 4233
171, 4234
171, 4235
171, 4236
171, 4237
171, 4238
171, 4239
171, 4240
171, 4241
171, 4242
171, 4243
171, 4244
171, 4245
171, 4246
171, 4247
171, 4248
171, 4249
171, 4250
171, 4251
171, 4252
171, 4253
171, 4254
171, 4255
171, 4256
171, 4257
171, 4258
171, 4259
171, 4260
171, 4261
171, 4262
171, 4263
172, 4264
172, 4265
172, 4266
172, 4267
172, 4268
172, 4269
172, 4270
172, 4271
172, 4272
172, 4273
172, 4274
172, 4275
172, 4276
172, 4277
172, 4278
172, 4279
172, 4280
172, 4281
172, 4282
172, 4283
172, 4284
172, 4285
172, 4286
172, 4287
172, 4288
172, 4289
172, 4290
172, 4291
172, 4292
172, 4293
172, 4294
172, 4295
172, 4296
172, 4297
172, 4298
173, 4299
173, 4300
173, 4301
173, 4302
173, 4303
173, 4304
173, 4305
173, 4306
173, 4307
173, 4308
173, 4309
173, 4310
173, 4311
173, 4312
173, 4313
173, 4314
173, 4315
173, 4316
173, 4317
173, 4318
173, 4319
173, 4320
173, 4321
173, 4322
173, 4323
173, 4324
173, 4325
173, 4326
173, 4327
173, 4328
173, 4329
173, 4330
173, 4331
173, 4332
173, 4333
173, 4334
173, 4335
174, 4336
174, 4337
174, 4338
174, 4339
174, 4340
174, 4341
174, 4342
174, 4343
174, 4344
174, 4345
174, 4346
174, 4347
174, 4348
174, 4349
174, 4350
174, 4351
174, 4352
174, 4353
174, 4354
174, 4355
174, 4356
174, 4357
174, 4358
174, 4359
174, 4360
174, 4361
174, 4362
174, 4363
174, 4364
174, 4365
174, 4366
174, 4367
174, 4368
174, 4369
174, 4370
174, 4371
174, 4372
174, 4373
174, 4374
175, 4375
175, 4376
175, 4377
175, 4378
175, 4379
175, 4380
175, 4381
175, 4382
175, 4383
175, 4384
175, 4385
175, 4386
175, 4387
175, 4388
175, 4389
175, 4390
175, 4391
175, 4392
175, 4393
175, 4394
175, 4395
175, 4396
175, 4397
175, 4398
175, 4399
175, 4400
175, 4401
175, 4402
175, 4403
175, 4404
175, 4405
175, 4406
175, 4407
175, 4408
175, 4409
175, 4410
175, 4411
175, 4412
175, 4413
175, 4414
176, 4415
176, 4416
176, 4417
176, 4418
176, 4419
176, 4420
176, 4421
176, 4422
176, 4423
176, 4424
176, 4425
176, 4426
176, 4427
176, 4428
176, 4429
176, 4430
176, 4431
176, 4432
176, 4433
176, 4434
176, 4435
176, 4436
176, 4437
176, 4438
176, 4439
176, 4440
176, 4441
176, 4442
176, 4443
176, 4444
176, 4445
176, 4446
176, 4447
176, 4448
176, 4449
176, 4450
176, 4451
176, 4452
176, 4453
176, 4454
176, 4455
176, 4456
176, 4457
177, 4458
177, 4459
177, 4460
177, 4461
177, 4462
177, 4463
177, 4464
177, 4465
177, 4466
177, 4467
177, 4468
177, 4469
177, 4470
177, 4471
177, 4472
177, 4473
177, 4474
177, 4475
177, 4476
177, 4477
177, 4478
177, 4479
177, 4480
177, 4481
177, 4482
177, 4483
177, 4484
177, 4485
177, 4486
177, 4487
177, 4488
177, 4489
177, 4490
177, 4491
177, 4492
177, 4493
177, 4494
177, 4495
177, 4496
177, 4497
177, 4498
177, 4499
177, 4500
177, 4501
177, 4502
178, 4503
178, 4504
178, 4505
178, 4506
178, 4507
178, 4508
178, 4509
178, 4510
178, 4511
178, 4512
178, 4513
178, 4514
178, 4515
178, 4516
178, 4517
178, 4518
178, 4519
178, 4520
178, 4521
178, 4522
178, 4523
178, 4524
178, 4525
178, 4526
178, 4527
178, 4528
178, 4529
178, 4530
178, 4531
178, 4532
178, 4533
178, 4534
178, 4535
178, 4536
178, 4537
178, 4538
178, 4539
178, 4540
178, 4541
178, 4542
178, 4543
178, 4544
178, 4545
178, 4546
178, 4547
178, 4548
178, 4549
178, 4550
178, 4551
179, 4552
179, 4553
179, 4554
179, 4555
179, 4556
179, 4557
179, 4558
179, 4559
179, 4560
179, 4561
179, 4562
179, 4563
179, 4564
179, 4565
179, 4566
179, 4567
179, 4568
179, 4569
179, 4570
179, 4571
179, 4572
179, 4573
179, 4574
179, 4575
179, 4576
179, 4577
179, 4578
179, 4579
179, 4580
179, 4581
179, 4582
179, 4583
179, 4584
179, 4585
179, 4586
179, 4587
179, 4588
179, 4589
179, 4590
179, 4591
179, 4592
179, 4593
179, 4594
179, 4595
179, 4596
179, 4597
179, 4598
179, 4599
179, 4600
179, 4601
179, 4602
179, 4603
180, 4604
180, 4605
180, 4606
180, 4607
180, 4608
180, 4609
180, 4610
180, 4611
180, 4612
180, 4613
180, 4614
180, 4615
180, 4616
180, 4617
180, 4618
180, 4619
180, 4620
180, 4621
180, 4622
180, 4623
180, 4624
180, 4625
180, 4626
180, 4627
180, 4628
180, 4629
180, 4630
180, 4631
180, 4632
180, 4633
180, 4634
180, 4635
180, 4636
180, 4637
180, 4638
180, 4639
180, 4640
180, 4641
180, 4642
180, 4643
180, 4644
180, 4645
180, 4646
180, 4647
180, 4648
180, 4649
180, 4650
180, 4651
180, 4652
180, 4653
180, 4654
180, 4655
180, 4656
180, 4657
180, 4658
180, 4659
180, 4660
181, 4661
181, 4662
181, 4663
181, 4664
181, 4665
181, 4666
181, 4667
181, 4668
181, 4669
181, 4670
181, 4671
181, 4672
181, 4673
181, 4674
181, 4675
181, 4676
181, 4677
181, 4678
181, 4679
181, 4680
181, 4681
181, 4682
181, 4683
181, 4684
181, 4685
181, 4686
181, 4687
181, 4688
181, 4689
181, 4690
181, 4691
181, 4692
181, 4693
181, 4694
181, 4695
181, 4696
181, 4697
181, 4698
181, 4699
181, 4700
181, 4701
181, 4702
181, 4703
181, 4704
181, 4705
181, 4706
181, 4707
181, 4708
181, 4709
181, 4710
181, 4711
181, 4712
181, 4713
181, 4714
181, 4715
181, 4716
181, 4717
181, 4718
181, 4719
181, 4720
181, 4721
181, 4722
181, 4723
182, 4724
182, 4725
182, 4726
182, 4727
182, 4728
182, 4729
182, 4730
182, 4731
182, 4732
182, 4733
182, 4734
182, 4735
182, 4736
182, 4737
182, 4738
182, 4739
182, 4740
182, 4741
182, 4742
182, 4743
182, 4744
182, 4745
182, 4746
182, 4747
182, 4748
182, 4749
182, 4750
182, 4751
182, 4752
182, 4753
182, 4754
182, 4755
182, 4756
182, 4757
182, 4758
182, 4759
182, 4760
182, 4761
182, 4762
182, 4763
182, 4764
182, 4765
182, 4766
182, 4767
182, 4768
182, 4769
182, 4770
182, 4771
182, 4772
182, 4773
182, 4774
182, 4775
182, 4776
182, 4777
182, 4778
182, 4779
182, 4780
182, 4781
182, 4782
182, 4783
182, 4784
182, 4785
182, 4786
182, 4787
182, 4788
182, 4789
182, 4790
182, 4791
182, 4792
182, 4793
183, 4794
183, 4795
183, 4796
183, 4797
183, 4798
183, 4799
183, 4800
183, 4801
183, 4802
183, 4803
183, 4804
183, 4805
183, 4806
183, 4807
183, 4808
183, 4809
183, 4810
183, 4811
183, 4812
183, 4813
183, 4814
183, 4815
183, 4816
183, 4817
183, 4818
183, 4819
183, 4820
183, 4821
183, 4822
183, 4823
183, 4824
183, 4825
183, 4826
183, 4827
183, 4828
183, 4829
183, 4830
183, 4831
183, 4832
183, 4833
183, 4834
183, 4835
183, 4836
183, 4837
183, 4838
183, 4839
183, 4840
183, 4841
183, 4842
183, 4843
183, 4844
183, 4845
183, 4846
183, 4847
183, 4848
183, 4849
183, 4850
183, 4851
183, 4852
183, 4853
183, 4854
183, 4855
183, 4856
183, 4857
183, 4858
183, 4859
183, 4860
183, 4861
183, 4862
183, 4863
183, 4864
183, 4865
183, 4866
183, 4867
183, 4868
183, 4869
183, 4870
183, 4871
183, 4872
183, 4873
183, 4874
184, 4875
184, 4876
184, 4877
184, 4878
184, 4879
184, 4880
184, 4881
184, 4882
184, 4883
184, 4884
184, 4885
184, 4886
184, 4887
184, 4888
184, 4889
184, 4890
184, 4891
184, 4892
184, 4893
184, 4894
184, 4895
184, 4896
184, 4897
184, 4898
184, 4899
184, 4900
184, 4901
184, 4902
184, 4903
184, 4904
184, 4905
184, 4906
184, 4907
184, 4908
184, 4909
184, 4910
184, 4911
184, 4912
184, 4913
184, 4914
184, 4915
184, 4916
184, 4917
184, 4918
184, 4919
184, 4920
184, 4921
184, 4922
184, 4923
184, 4924
184, 4925
184, 4926
184, 4927
184, 4928
184, 4929
184, 4930
184, 4931
184, 4932
184, 4933
184, 4934
184, 4935
184, 4936
184, 4937
184, 4938
184, 4939
184, 4940
184, 4941
184, 4942
184, 4943
184, 4944
184, 4945
184, 4946
184, 4947
184, 4948
184, 4949
184, 4950
184, 4951
184, 4952
184, 4953
184, 4954
184, 4955
184, 4956
184, 4957
184, 4958
184, 4959
184, 4960
184, 4961
184, 4962
184, 4963
184, 4964
184, 4965
184, 4966
184, 4967
184, 4968
185, 4969
185, 4970
185, 4971
185, 4972
185, 4973
185, 4974
185, 4975
185, 4976
185, 4977
185, 4978
185, 4979
185, 4980
185, 4981
185, 4982
185, 4983
185, 4984
185, 4985
185, 4986
185, 4987
185, 4988
185, 4989
185, 4990
185, 4991
185, 4992
185, 4993
185, 4994
185, 4995
185, 4996
185, 4997
185, 4998
185, 4999
185, 5000
185, 5001
185, 5002
185, 5003
185, 5004
185, 5005
185, 5006
185, 5007
185, 5008
185, 5009
185, 5010
185, 5011
185, 5012
185, 5013
185, 5014
185, 5015
185, 5016
185, 5017
185, 5018
185, 5019
185, 5020
185, 5021
185, 5022
185, 5023
185, 5024
185, 5025
185, 5026
185, 5027
185, 5028
185, 5029
185, 5030
185, 5031
185, 5032
185, 5033
185, 5034
185, 5035
185, 5036
185, 5037
185, 5038
185, 5039
185, 5040
185, 5041
185, 5042
185, 5043
185, 5044
185, 5045
185, 5046
185, 5047
185, 5048
185, 5049
185, 5050
185, 5051
185, 5052
185, 5053
185, 5054
185, 5055
185, 5056
185, 5057
185, 5058
185, 5059
185, 5060
185, 5061
185, 5062
185, 5063
185, 5064
185, 5065
185, 5066
185, 5067
185, 5068
185, 5069
185, 5070
185, 5071
185, 5072
185, 5073
185, 5074
185, 5075
185, 5076
185, 5077
185, 5078
185, 5079
186, 5080
186, 5081
186, 5082
186, 5083
186, 5084
186, 5085
186, 5086
186, 5087
186, 5088
186, 5089
186, 5090
186, 5091
186, 5092
186, 5093
186, 5094
186, 5095
186, 5096
186, 5097
186, 5098
186, 5099
186, 5100
186, 5101
186, 5102
186, 5103
186, 5104
186, 5105
186, 5106
186, 5107
186, 5108
186, 5109
186, 5110
186, 5111
186, 5112
186, 5113
186, 5114
186, 5115
186, 5116
186, 5117
186, 5118
186, 5119
186, 5120
186, 5121
186, 5122
186, 5123
186, 5124
186, 5125
186, 5126
186, 5127
186, 5128
186, 5129
186, 5130
186, 5131
186, 5132
186, 5133
186, 5134
186, 5135
186, 5136
186, 5137
186, 5138
186, 5139
186, 5140
186, 5141
186, 5142
186, 5143
186, 5144
186, 5145
186, 5146
186, 5147
186, 5148
186, 5149
186, 5150
186, 5151
186, 5152
186, 5153
186, 5154
186, 5155
186, 5156
186, 5157
186, 5158
186, 5159
186, 5160
186, 5161
186, 5162
186, 5163
186, 5164
186, 5165
186, 5166
186, 5167
186, 5168
186, 5169
186, 5170
186, 5171
186, 5172
186, 5173
186, 5174
186, 5175
186, 5176
186, 5177
186, 5178
186, 5179
186, 5180
186, 5181
186, 5182
186, 5183
186, 5184
186, 5185
186, 5186
186, 5187
186, 5188
186, 5189
186, 5190
186, 5191
186, 5192
186, 5193
186, 5194
186, 5195
186, 5196
186, 5197
186, 5198
186, 5199
186, 5200
186, 5201
186, 5202
186, 5203
186, 5204
186, 5205
186, 5206
187, 5207
187, 5208
187, 5209
187, 5210
187, 5211
187, 5212
187, 5213
187, 5214
187, 5215
187, 5216
187, 5217
187, 5218
187, 5219
187, 5220
187, 5221
187, 5222
187, 5223
187, 5224
187, 5225
187, 5226
187, 5227
187, 5228
187, 5229
187, 5230
187, 5231
187, 5232
187, 5233
187, 5234
187, 5235
187, 5236
187, 5237
187, 5238
187, 5239
187, 5240
187, 5241
187, 5242
187, 5243
187, 5244
187, 5245
187, 5246
187, 5247
187, 5248
187, 5249
187, 5250
187, 5251
187, 5252
187, 5253
187, 5254
187, 5255
187, 5256
187, 5257
187, 5258
187, 5259
187, 5260
187, 5261
187, 5262
187, 5263
187, 5264
187, 5265
187, 5266
187, 5267
187, 5268
187, 5269
187, 5270
187, 5271
187, 5272
187, 5273
187, 5274
187, 5275
187, 5276
187, 5277
187, 5278
187, 5279
187, 5280
187, 5281
187, 5282
187, 5283
187, 5284
187, 5285
187, 5286
187, 5287
187, 5288
187, 5289
187, 5290
187, 5291
187, 5292
187, 5293
187, 5294
187, 5295
187, 5296
187, 5297
187, 5298
187, 5299
187, 5300
187, 5301
187, 5302
187, 5303
187, 5304
187, 5305
187, 5306
187, 5307
187, 5308
187, 5309
187, 5310
187, 5311
187, 5312
187, 5313
187, 5314
187, 5315
187, 5316
187, 5317
187, 5318
187, 5319
187, 5320
187, 5321
187, 5322
187, 5323
187, 5324
187, 5325
187, 5326
187, 5327
187, 5328
187, 5329
187, 5330
187, 5331
187, 5332
187, 5333
187, 5334
187, 5335
187, 5336
187, 5337
188, 5338
188, 5339
188, 5340
188, 5341
188, 5342
188, 5343
188, 5344
188, 5345
188, 5346
188, 5347
188, 5348
188, 5349
188, 5350
188, 5351
188, 5352
188, 5353
188, 5354
188, 5355
188, 5356
188, 5357
188, 5358
188, 5359
188, 5360
188, 5361
188, 5362
188, 5363
188, 5364
188, 5365
188, 5366
188, 5367
188, 5368
188, 5369
188, 5370
188, 5371
188, 5372
188, 5373
188, 5374
188, 5375
188, 5376
188, 5377
188, 5378
188, 5379
188, 5380
188, 5381
188, 5382
188, 5383
188, 5384
188, 5385
188, 5386
188, 5387
188, 5388
188, 5389
188, 5390
188, 5391
188, 5392
188, 5393
188, 5394
188, 5395
188, 5396
188, 5397
188, 5398
188, 5399
188, 5400
188, 5401
188, 5402
188, 5403
188, 5404
188, 5405
188, 5406
188, 5407
188, 5408
188, 5409
188, 5410
188, 5411
188, 5412
188, 5413
188, 5414
188, 5415
188, 5416
188, 5417
188, 5418
188, 5419
188, 5420
188, 5421
188, 5422
188, 5423
188, 5424
188, 5425
188, 5426
188, 5427
188, 5428
188, 5429
188, 5430
188, 5431
188, 5432
188, 5433
188, 5434
188, 5435
188, 5436
188, 5437
188, 5438
188, 5439
188, 5440
188, 5441
188, 5442
188, 5443
188, 5444
188, 5445
188, 5446
188, 5447
188, 5448
188, 5449
188, 5450
188, 5451
188, 5452
188, 5453
188, 5454
189, 5455
189, 5456
189, 5457
189, 5458
189, 5459
189, 5460
189, 5461
189, 5462
189, 5463
189, 5464
189, 5465
189, 5466
189, 5467
189, 5468
189, 5469
189, 5470
189, 5471
189, 5472
189, 5473
189, 5474
189, 5475
189, 5476
189, 5477
189, 5478
189, 5479
189, 5480
189, 5481
189, 5482
189, 5483
189, 5484
189, 5485
189, 5486
189, 5487
189, 5488
189, 5489
189, 5490
189, 5491
189, 5492
189, 5493
189, 5494
189, 5495
189, 5496
189, 5497
189, 5498
189, 5499
189, 5500
189, 5501
189, 5502
189, 5503
189, 5504
189, 5505
189, 5506
189, 5507
189, 5508
189, 5509
189, 5510
189, 5511
189, 5512
189, 5513
189, 5514
189, 5515
189, 5516
189, 5517
189, 5518
189, 5519
189, 5520
189, 5521
189, 5522
189, 5523
189, 5524
189, 5525
189, 5526
189, 5527
189, 5528
189, 5529
189, 5530
189, 5531
189, 5532
189, 5533
189, 5534
189, 5535
189, 5536
189, 5537
189, 5538
189, 5539
189, 5540
189, 5541
189, 5542
189, 5543
189, 5544
189, 5545
189, 5546
189, 5547
189, 5548
189, 5549
189, 5550
190, 5551
190, 5552
190, 5553
190, 5554
190, 5555
190, 5556
190, 5557
190, 5558
190, 5559
190, 5560
190, 5561
190, 5562
190, 5563
190, 5564
190, 5565
190, 5566
190, 5567
190, 5568
190, 5569
190, 5570
190, 5571
190, 5572
190, 5573
190, 5574
190, 5575
190, 5576
190, 5577
190, 5578
190, 5579
190, 5580
190, 5581
190, 5582
190, 5583
190, 5584
190, 5585
190, 5586
190, 5587
190, 5588
190, 5589
190, 5590
190, 5591
190, 5592
190, 5593
190, 5594
190, 5595
190, 5596
190, 5597
190, 5598
190, 5599
190, 5600
190, 5601
190, 5602
190, 5603
190, 5604
190, 5605
190, 5606
190, 5607
190, 5608
190, 5609
190, 5610
190, 5611
190, 5612
190, 5613
190, 5614
190, 5615
190, 5616
190, 5617
190, 5618
190, 5619
190, 5620
190, 5621
190, 5622
190, 5623
190, 5624
190, 5625
190, 5626
190, 5627
190, 5628
190, 5629
191, 5630
191, 5631
191, 5632
191, 5633
191, 5634
191, 5635
191, 5636
191, 5637
191, 5638
191, 5639
191, 5640
191, 5641
191, 5642
191, 5643
191, 5644
191, 5645
191, 5646
191, 5647
191, 5648
191, 5649
191, 5650
191, 5651
191, 5652
191, 5653
191, 5654
191, 5655
191, 5656
191, 5657
191, 5658
191, 5659
191, 5660
191, 5661
191, 5662
191, 5663
191, 5664
191, 5665
191, 5666
191, 5667
191, 5668
191, 5669
191, 5670
191, 5671
191, 5672
191, 5673
191, 5674
191, 5675
191, 5676
191, 5677
191, 5678
191, 5679
191, 5680
191, 5681
191, 5682
191, 5683
191, 5684
191, 5685
191, 5686
191, 5687
191, 5688
191, 5689
191, 5690
191, 5691
191, 5692
191, 5693
191, 5694
191, 5695
192, 5696
192, 5697
192, 5698
192, 5699
192, 5700
192, 5701
192, 5702
192, 5703
192, 5704
192, 5705
192, 5706
192, 5707
192, 5708
192, 5709
192, 5710
192, 5711
192, 5712
192, 5713
192, 5714
192, 5715
192, 5716
192, 5717
192, 5718
192, 5719
192, 5720
192, 5721
192, 5722
192, 5723
192, 5724
192, 5725
192, 5726
192, 5727
192, 5728
192, 5729
192, 5730
192, 5731
192, 5732
192, 5733
192, 5734
192, 5735
192, 5736
192, 5737
192, 5738
192, 5739
192, 5740
192, 5741
192, 5742
192, 5743
192, 5744
192, 5745
192, 5746
192, 5747
192, 5748
192, 5749
192, 5750
192, 5751
192, 5752
193, 5753
193, 5754
193, 5755
193, 5756
193, 5757
193, 5758
193, 5759
193, 5760
193, 5761
193, 5762
193, 5763
193, 5764
193, 5765
193, 5766
193, 5767
193, 5768
193, 5769
193, 5770
193, 5771
193, 5772
193, 5773
193, 5774
193, 5775
193, 5776
193, 5777
193, 5778
193, 5779
193, 5780
193, 5781
193, 5782
193, 5783
193, 5784
193, 5785
193, 5786
193, 5787
193, 5788
193, 5789
193, 5790
193, 5791
193, 5792
193, 5793
193, 5794
193, 5795
193, 5796
193, 5797
193, 5798
193, 5799
193, 5800
193, 5801
194, 5802
194, 5803
194, 5804
194, 5805
194, 5806
194, 5807
194, 5808
194, 5809
194, 5810
194, 5811
194, 5812
194, 5813
194, 5814
194, 5815
194, 5816
194, 5817
194, 5818
194, 5819
194, 5820
194, 5821
194, 5822
194, 5823
194, 5824
194, 5825
194, 5826
194, 5827
194, 5828
194, 5829
194, 5830
194, 5831
194, 5832
194, 5833
194, 5834
194, 5835
194, 5836
194, 5837
194, 5838
194, 5839
194, 5840
194, 5841
194, 5842
194, 5843
194, 5844
194, 5845
195, 5846
195, 5847
195, 5848
195, 5849
195, 5850
195, 5851
195, 5852
195, 5853
195, 5854
195, 5855
195, 5856
195, 5857
195, 5858
195, 5859
195, 5860
195, 5861
195, 5862
195, 5863
195, 5864
195, 5865
195, 5866
195, 5867
195, 5868
195, 5869
195, 5870
195, 5871
195, 5872
195, 5873
195, 5874
195, 5875
195, 5876
195, 5877
195, 5878
195, 5879
195, 5880
195, 5881
195, 5882
195, 5883
195, 5884
196, 5885
196, 5886
196, 5887
196, 5888
196, 5889
196, 5890
196, 5891
196, 5892
196, 5893
196, 5894
196, 5895
196, 5896
196, 5897
196, 5898
196, 5899
196, 5900
196, 5901
196, 5902
196, 5903
196, 5904
196, 5905
196, 5906
196, 5907
196, 5908
196, 5909
196, 5910
196, 5911
196, 5912
196, 5913
196, 5914
196, 5915
196, 5916
196, 5917
196, 5918
196, 5919
196, 5920
197, 5921
197, 5922
197, 5923
197, 5924
197, 5925
197, 5926
197, 5927
197, 5928
197, 5929
197, 5930
197, 5931
197, 5932
197, 5933
197, 5934
197, 5935
197, 5936
197, 5937
197, 5938
197, 5939
197, 5940
197, 5941
197, 5942
197, 5943
197, 5944
197, 5945
197, 5946
197, 5947
197, 5948
197, 5949
197, 5950
197, 5951
197, 5952
197, 5953
197, 5954
198, 5955
198, 5956
198, 5957
198, 5958
198, 5959
198, 5960
198, 5961
198, 5962
198, 5963
198, 5964
198, 5965
198, 5966
198, 5967
198, 5968
198, 5969
198, 5970
198, 5971
198, 5972
198, 5973
198, 5974
198, 5975
198, 5976
198, 5977
198, 5978
198, 5979
198, 5980
198, 5981
198, 5982
198, 5983
198, 5984
199, 5985
199, 5986
199, 5987
199, 5988
199, 5989
199, 5990
199, 5991
199, 5992
199, 5993
199, 5994
199, 5995
199, 5996
199, 5997
199, 5998
199, 5999
